0 4.18960860569724206e-05
1 3.61803179954984120e-05
2 3.08254931351817750e-05
3 2.58864145753755745e-05
4 2.14054565342335020e-05
5 1.74113509202651464e-05
6 1.39179879389098596e-05
7 1.09231058243663956e-05
8 8.40899177696634696e-06
9 6.34436992166188026e-06
10 4.68729817520041122e-06
11 3.38872314953398298e-06
12 2.39604268593650393e-06
13 1.65644664924903368e-06
14 1.11976426144010849e-06
15 7.40577741473218662e-07
16 4.79666825733676940e-07
17 3.04644389684171427e-07
18 1.89940051479318678e-07
19 1.16302866960712031e-07
20 2.26474712285347105e-05
21 1.96903570217444939e-05
22 1.68861996815600008e-05
23 1.42753053289456371e-05
24 1.18902530191088652e-05
25 9.75393286374214676e-06
26 7.87828130699534183e-06
27 6.26395091473130972e-06
28 4.90163121029664209e-06
29 3.77419540249099393e-06
30 2.85917839052689075e-06
31 2.13112124394931588e-06
32 1.56339969921368101e-06
33 1.12963998856851873e-06
34 8.04818658112533229e-07
35 5.66097990768239383e-07
36 3.93514818701157080e-07
37 2.70364690410679279e-07
38 1.83273958662750723e-07
39 1.22101056875304558e-07
40 1.50088725077097779e-05
41 1.35766251018952732e-05
42 1.20953024599639521e-05
43 1.06084399689380594e-05
44 9.15714018182665071e-06
45 7.77712482338443224e-06
46 6.49658100496589104e-06
47 5.33547595562662239e-06
48 4.30589377157972978e-06
49 3.41292853639150724e-06
50 2.65574276615234921e-06
51 2.02859105461018421e-06
52 1.52162671502878387e-06
53 1.12181153261407063e-06
54 8.13992931884722886e-07
55 5.82162334906269736e-07
56 4.10792110397177050e-07
57 2.85945783598465615e-07
58 1.96041664513816408e-07
59 1.31770709864592416e-07
60 1.56948171381785827e-05
61 1.42412229753323250e-05
62 1.27267268619959663e-05
63 1.11953721812480369e-05
64 9.68985982084387914e-06
65 8.24837158062241793e-06
66 6.90212062585691795e-06
67 5.67435675129919974e-06
68 4.58035852021582961e-06
69 3.62799235922392984e-06
70 2.81849938189480515e-06
71 2.14735867142972531e-06
72 1.60507318702709291e-06
73 1.17818455906228699e-06
74 8.50558061855979913e-07
75 6.04896979148146668e-07
76 4.24336389643869849e-07
77 2.93784153405919792e-07
78 2.00318163015393305e-07
79 1.33490673866141685e-07
80 3.38164231627628898e-05
81 2.84437680659904661e-05
82 2.35906225405299868e-05
83 1.93111884520875179e-05
84 1.56261681959361886e-05
85 1.25228788005513415e-05
86 9.96068484995105428e-06
87 7.87913379777323199e-06
88 6.20815234163739222e-06
89 4.87697776895678967e-06
90 3.82038088122943527e-06
91 2.98207301208030438e-06
92 2.31578131224448790e-06
93 1.78481874150695976e-06
94 1.36084943477896255e-06
95 1.02237782450236081e-06
96 7.53264772938434323e-07
97 5.41344240018241149e-07
98 3.77148918998237968e-07
99 2.53114129029113651e-07
100 3.75398689144107746e-05
101 3.14988993757729413e-05
102 2.61217247449094712e-05
103 2.14545775432172588e-05
104 1.74956043717302886e-05
105 1.42009062242075116e-05
106 1.14973045297815376e-05
107 9.29657877282440757e-06
108 7.50914418758041589e-06
109 6.05367553370397017e-06
110 4.86201850763881838e-06
111 3.88033638516401956e-06
112 3.06782167240357259e-06
113 2.39426040631441126e-06
114 1.83738135042599561e-06
115 1.38051309091667664e-06
116 1.01069752045910607e-06
117 7.17216133276625463e-07
118 4.90690599892493322e-07
119 3.22256295125683260e-07
120 4.01887364280279223e-05
121 3.37779172765802254e-05
122 2.80781474666540252e-05
123 2.31315059723293345e-05
124 1.89298444361642306e-05
125 1.54224268114937159e-05
126 1.25301664793007026e-05
127 1.01606635143301264e-05
128 8.22198710685207262e-06
129 6.63185827003007858e-06
130 5.32189842915674762e-06
131 4.23817960929204126e-06
132 3.33954108222838942e-06
133 2.59498203657433978e-06
134 1.98104267101483585e-06
135 1.47958360264809499e-06
136 1.07605800731113890e-06
137 7.58247153553547201e-07
138 5.14913452661915404e-07
139 3.34896180945759112e-07
140 6.03363430368637730e-05
141 4.95793289701082555e-05
142 4.04202369694588694e-05
143 3.28101549432759213e-05
144 2.66106119613416587e-05
145 2.16254557617561825e-05
146 1.76368770044617233e-05
147 1.44334469258682541e-05
148 1.18307569246189493e-05
149 9.68162935180564442e-06
150 7.87747371282039704e-06
151 6.34385824087949344e-06
152 5.03302144089689246e-06
153 3.91567812265688897e-06
154 2.97366072749816713e-06
155 2.19404336544631664e-06
156 1.56503331782535154e-06
157 1.07358066572109613e-06
158 7.05353227914546879e-07
159 4.44130070163615144e-07
160 6.75015463323995571e-05
161 5.54819198409749678e-05
162 4.53136047027799603e-05
163 3.69046833826064080e-05
164 3.00687320746186795e-05
165 2.45649218523942457e-05
166 2.01393969480567794e-05
167 1.65549559353013326e-05
168 1.36111978816923932e-05
169 1.11528013879134787e-05
170 9.06844250113071177e-06
171 7.28405408182439010e-06
172 5.75341939729974019e-06
173 4.44867742601566961e-06
174 3.35214714758155597e-06
175 2.45003867595845764e-06
176 1.72832307922790438e-06
177 1.17063708568521367e-06
178 7.59610710678168239e-07
179 4.71302193480206754e-07
180 8.11203036721648975e-05
181 6.66106002169766667e-05
182 5.44803559577355638e-05
183 4.45311781070096478e-05
184 3.64718778992177012e-05
185 2.99710460913117381e-05
186 2.47052658430431338e-05
187 2.03890594545654951e-05
188 1.67927412846476901e-05
189 1.37465150687991049e-05
190 1.11346048316578858e-05
191 8.88401161395452193e-06
192 6.95140864332187608e-06
193 5.31100017623962843e-06
194 3.94474933499430670e-06
195 2.83543751384260764e-06
196 1.96288680740923506e-06
197 1.30353694181006986e-06
198 8.30328130635821779e-07
199 4.98792779036643549e-07
200 3.31039809374064419e-06
201 3.31427121421762071e-06
202 3.28311156156114564e-06
203 3.21543356706419669e-06
204 3.10960984915558883e-06
205 2.96577403843993716e-06
206 2.78605091375835497e-06
207 2.57462042321226260e-06
208 2.33776041263079375e-06
209 2.08357855514908000e-06
210 1.82133918285794239e-06
211 1.56061939510993290e-06
212 1.31032826688085076e-06
213 1.07790352731485111e-06
214 8.68843045679438609e-07
215 6.86470684174027126e-07
216 5.32010999955975183e-07
217 4.04878266078128115e-07
218 3.03084679555233344e-07
219 2.23690350579576827e-07
220 1.59326797926343281e-06
221 1.68877400041461326e-06
222 1.76597677536258986e-06
223 1.81914936055618173e-06
224 1.84277266519174540e-06
225 1.83307208405523251e-06
226 1.78871635187272329e-06
227 1.71123234935349814e-06
228 1.60493857727373325e-06
229 1.47629556208619910e-06
230 1.33285194931634929e-06
231 1.18217375746370446e-06
232 1.03095453750075137e-06
233 8.84568470157853954e-07
234 7.47034985424579147e-07
235 6.21141676814250503e-07
236 5.08648496215689359e-07
237 4.10447131567190673e-07
238 3.26656211305320869e-07
239 2.56764542551544011e-07
240 2.43080136857176478e-07
241 4.67606629567328524e-07
242 6.84536030997623347e-07
243 8.83481918166769819e-07
244 1.05478812112828234e-06
245 1.19054491936217823e-06
246 1.28545963063117116e-06
247 1.33755792202822668e-06
248 1.34813311229827683e-06
249 1.32113280104385198e-06
250 1.26221768487326656e-06
251 1.17789988343789854e-06
252 1.07485351925215168e-06
253 9.59576617983046405e-07
254 8.38264626082395860e-07
255 7.16673342055262783e-07
256 5.99894661940685860e-07
257 4.92081520894491361e-07
258 3.96172211599789172e-07
259 3.13546062627790017e-07
260 2.84558414770171291e-07
261 5.16211684197611578e-07
262 7.39962125802465828e-07
263 9.46047573826389605e-07
264 1.12505158437149738e-06
265 1.26884520846653422e-06
266 1.37157054310478338e-06
267 1.43050783893084131e-06
268 1.44617594878825713e-06
269 1.42185080546577606e-06
270 1.36273465310104014e-06
271 1.27517848469362424e-06
272 1.16602870274412297e-06
273 1.04226312023982044e-06
274 9.10791813970340064e-07
275 7.78205391734512867e-07
276 6.50422563050151924e-07
277 5.32304687254163383e-07
278 4.27035682266839887e-07
279 3.36461193355883457e-07
280 5.45706919246925950e-06
281 5.51558690155210369e-06
282 5.48482155752736159e-06
283 5.35473179491760570e-06
284 5.12170996701878621e-06
285 4.79217632530658361e-06
286 4.38320321416604793e-06
287 3.92011996292939690e-06
288 3.43237900649870486e-06
289 2.94860122272432541e-06
290 2.49239661852876949e-06
291 2.08005293586758858e-06
292 1.72013933930593785e-06
293 1.41456875853407454e-06
294 1.16041847047383512e-06
295 9.51860953830597720e-07
296 7.81805406748767168e-07
297 6.43083031492498409e-07
298 5.29149687736705397e-07
299 4.34628103000957805e-07
300 7.61042282922074412e-06
301 7.68065679576237039e-06
302 7.60323190279622050e-06
303 7.36858203661001588e-06
304 6.98079754851776513e-06
305 6.46056891446408694e-06
306 5.84313094634416244e-06
307 5.17191846415622130e-06
308 4.49097786015671848e-06
309 3.83805841966417270e-06
310 3.24025963575805503e-06
311 2.71287306300262889e-06
312 2.26070799603889280e-06
313 1.88078606176486821e-06
314 1.56538073000341720e-06
315 1.30465500940273911e-06
316 1.08855083027403335e-06
317 9.07942789442971677e-07
318 7.55283540503148265e-07
319 6.24534136990465129e-07
320 8.40116456558775132e-06
321 8.46057255582672662e-06
322 8.35432388301728045e-06
323 8.07573162784717788e-06
324 7.63301619111936091e-06
325 7.05166368214976299e-06
326 6.37159055266347725e-06
327 5.63999224096019317e-06
328 4.90329352051136091e-06
329 4.20020720122345683e-06
330 3.55771065810728028e-06
331 2.99038383707447825e-06
332 2.50218103151927764e-06
333 2.08941780221321751e-06
334 1.74393964027736576e-06
335 1.45573111153497710e-06
336 1.21471632133570034e-06
337 1.01183388108460861e-06
338 8.39242277831537106e-07
339 6.90865383869112051e-07
340 1.71325026424396007e-05
341 1.67103474569837010e-05
342 1.59512494203133183e-05
343 1.48796939710932942e-05
344 1.35518738447479057e-05
345 1.20529321077774093e-05
346 1.04832239450332340e-05
347 8.93991773477273705e-06
348 7.50272489919965072e-06
349 6.22552896590395767e-06
350 5.13453210919097548e-06
351 4.23178092675195808e-06
352 3.50165647520345144e-06
353 2.91821991752682358e-06
354 2.45178132081895124e-06
355 2.07379464037234169e-06
356 1.75992026645095262e-06
357 1.49148228014815339e-06
358 1.25611898380856015e-06
359 1.04526562631253674e-06
360 2.03071481241053756e-05
361 1.97013974538604321e-05
362 1.86932689196347418e-05
363 1.73270418402551395e-05
364 1.56828544486017163e-05
365 1.38698267113463888e-05
366 1.20081729797078239e-05
367 1.02080699777942124e-05
368 8.55498333527707765e-06
369 7.10244564604098004e-06
370 5.87213755456262949e-06
371 4.85943639430336072e-06
372 4.04156063837127754e-06
373 3.38609026000448281e-06
374 2.85812639772918583e-06
375 2.42537821944320065e-06
376 2.06117534145964632e-06
377 1.74577367937492452e-06
378 1.46691360602185059e-06
379 1.21376505889405218e-06
380 2.68882147858818740e-05
381 2.56968063389746072e-05
382 2.40118206930171946e-05
383 2.19280400639370862e-05
384 1.95745443806562820e-05
385 1.71018696319326859e-05
386 1.46593242019022896e-05
387 1.23716165265976888e-05
388 1.03256583680732174e-05
389 8.56662817970226158e-06
390 7.10191000872815909e-06
391 5.91022914915664809e-06
392 4.95263626933410789e-06
393 4.18290536432387976e-06
394 3.55566691058704056e-06
395 3.03171537569880948e-06
396 2.58082770167469809e-06
397 2.18276060118554871e-06
398 1.82420518467605363e-06
399 1.49255990485694740e-06
400 2.21773061653650378e-05
401 4.42270257590649473e-05
402 6.28432629541724824e-05
403 7.75715085454846198e-05
404 8.82871065488873518e-05
405 9.51677998136678293e-05
406 9.85719836878607970e-05
407 9.88822792194395952e-05
408 9.64223624036372300e-05
409 9.14723342932153774e-05
410 8.43524604527706061e-05
411 7.55037751829904961e-05
412 6.55096630967512265e-05
413 5.50456381652169181e-05
414 4.47872070855930820e-05
415 3.53135749759535326e-05
416 2.70340258771963876e-05
417 2.01527737884821479e-05
418 1.46808148181007904e-05
419 1.04867840951738930e-05
420 8.51650892550431696e-04
421 7.98305422137779398e-04
422 7.29088360844597065e-04
423 6.48324892829035999e-04
424 5.61915369400385351e-04
425 4.76255264542586323e-04
426 3.96921436749225385e-04
427 3.27657925754304348e-04
428 2.69971628358037620e-04
429 2.23451909875521605e-04
430 1.86507507532310350e-04
431 1.57108160071991565e-04
432 1.33299452768123150e-04
433 1.13468916599850157e-04
434 9.64332017502898039e-05
435 8.14129071379698021e-05
436 6.79484645337958231e-05
437 5.58061689693808801e-05
438 4.48961943198403210e-05
439 3.52095685942681124e-05
440 1.61433897407107911e-03
441 1.48192038987214223e-03
442 1.32413986622377587e-03
443 1.15073926959521292e-03
444 9.73700975436002348e-04
445 8.04982137550017476e-04
446 6.54133796359269428e-04
447 5.26797183713936822e-04
448 4.24397313406996396e-04
449 3.45008520392302872e-04
450 2.84759655079270494e-04
451 2.39137543834890475e-04
452 2.03886497153345258e-04
453 1.75495595988053112e-04
454 1.51378965139681635e-04
455 1.29850036623531585e-04
456 1.09978645583164668e-04
457 9.14006638068463222e-05
458 7.41208939313042124e-05
459 5.83301870309630831e-05
460 1.79890533829801151e-03
461 1.64822195744138080e-03
462 1.46986097397664383e-03
463 1.27492450066169893e-03
464 1.07687202069755455e-03
465 8.88957797884105580e-04
466 7.21604368561514571e-04
467 5.80811245603853965e-04
468 4.67906152442313197e-04
469 3.80563280161742813e-04
470 3.14373786447456319e-04
471 2.64276964887844512e-04
472 2.25538462913601150e-04
473 1.94274789100453143e-04
474 1.67641768336916500e-04
475 1.43797899430453678e-04
476 1.21741179491687042e-04
477 1.01094629819374881e-04
478 8.18851627004727297e-05
479 6.43366575297155190e-05
480 4.40937577899703538e-06
481 1.84740954536312015e-05
482 3.06036550801203010e-05
483 4.04967097498725416e-05
484 4.79474398509948603e-05
485 5.28640929506975343e-05
486 5.52746082094967160e-05
487 5.53204943105296276e-05
488 5.32579542753361485e-05
489 4.94508848976585284e-05
490 4.43504616549090307e-05
491 3.84577117106464460e-05
492 3.22720886634496684e-05
493 2.62395765447224089e-05
494 2.07117249086764773e-05
495 1.59158582231595405e-05
496 1.19518080672512378e-05
497 8.80647005697407613e-06
498 6.39693319634886856e-06
499 4.58029514448679171e-06
500 4.40091209837724655e-04
501 4.10765689073929591e-04
502 3.74813432186439405e-04
503 3.35227751197469850e-04
504 2.95011856171084250e-04
505 2.56582178855795670e-04
506 2.21440276064771650e-04
507 1.90215190628222769e-04
508 1.62894680585466310e-04
509 1.39104825715127920e-04
510 1.18349707904182784e-04
511 1.00165639885121019e-04
512 8.41838914808132051e-05
513 7.01380144147160418e-05
514 5.78371780285201980e-05
515 4.71287529599992891e-05
516 3.78755386213187694e-05
517 2.99352688776524907e-05
518 2.31955580795817172e-05
519 1.74600043175431006e-05
520 1.39134634950040573e-03
521 1.22897395889213406e-03
522 1.05815548096791401e-03
523 8.90697659336684507e-04
524 7.36788069473721745e-04
525 6.03098907003562688e-04
526 4.92251188607688143e-04
527 4.03609188384365539e-04
528 3.34425697919718936e-04
529 2.80929343929467391e-04
530 2.39187807454004943e-04
531 2.05684471019041050e-04
532 1.77618039752274354e-04
533 1.52995716117810350e-04
534 1.30573703985969710e-04
535 1.09737452690512541e-04
536 9.03347144221258751e-05
537 7.24581733082204797e-05
538 5.63724461898881528e-05
539 4.20365748351327702e-05
540 1.73825415557823351e-03
541 1.52779482466287799e-03
542 1.30886873398734934e-03
543 1.09647384341044624e-03
544 9.03178090361620453e-04
545 7.36847040343788099e-04
546 6.00163396511431023e-04
547 4.91782168553346697e-04
548 4.07837021146185801e-04
549 3.43317219767533537e-04
550 2.93135931962923044e-04
551 2.52826168104177220e-04
552 2.18887633813160640e-04
553 1.88878309626402957e-04
554 1.61317353373397100e-04
555 1.35522766587687678e-04
556 1.11393463853324832e-04
557 8.91105784147953005e-05
558 6.90574957688181286e-05
559 5.11969224824003317e-05
560 2.66034616368210202e-05
561 2.54607724187563673e-05
562 2.42992200472543426e-05
563 2.31884800840018281e-05
564 2.21075703300853746e-05
565 2.09880763407764836e-05
566 1.97540042671396347e-05
567 1.83497899277540978e-05
568 1.67564327316715612e-05
569 1.49961269142725010e-05
570 1.31252626842703933e-05
571 1.12196978021697037e-05
572 9.36114153094899933e-06
573 7.62295132244596870e-06
574 6.05846085566561255e-06
575 4.70296655509531792e-06
576 3.56418556263475595e-06
577 2.63798209057117298e-06
578 1.87950027212149660e-06
579 1.33664959770060135e-06
580 1.08342296908544409e-04
581 1.01815838900495755e-04
582 9.44423366037245362e-05
583 8.67442975245497918e-05
584 7.90289165202160879e-05
585 7.14358055632696780e-05
586 6.40038878320837881e-05
587 5.67363004537724440e-05
588 4.96511093420548224e-05
589 4.28098744072045439e-05
590 3.63152304915274353e-05
591 3.02844191984280622e-05
592 2.48268610777311067e-05
593 2.00178541258881011e-05
594 1.58811712693682581e-05
595 1.24073139193125433e-05
596 9.52902477938145107e-06
597 7.19180837427217921e-06
598 5.24523773786965145e-06
599 3.76959442354016442e-06
600 5.34795661631637300e-04
601 4.61810999236021290e-04
602 3.92584206339103322e-04
603 3.30656497601462449e-04
604 2.77743813939098955e-04
605 2.33990776165654834e-04
606 1.98474997052035062e-04
607 1.69740909924675630e-04
608 1.46203748323724922e-04
609 1.26437094210515632e-04
610 1.09315874797085905e-04
611 9.40417170137866312e-05
612 8.01277928645791944e-05
613 6.73217478931696780e-05
614 5.55322890360609710e-05
615 4.48221304341102887e-05
616 3.52148036808353949e-05
617 2.68505952796846580e-05
618 1.94751824592627889e-05
619 1.37679680761105962e-05
620 1.03428869804614277e-03
621 8.73062009630275497e-04
622 7.24561482162008972e-04
623 5.95497450558870006e-04
624 4.88618833755535224e-04
625 4.03406212893048113e-04
626 3.37180258786060635e-04
627 2.86226661708232201e-04
628 2.46624198664408684e-04
629 2.14836396905347795e-04
630 1.88029285868586546e-04
631 1.64165105355564846e-04
632 1.41994666551772866e-04
633 1.20913193970596949e-04
634 1.00779203558931611e-04
635 8.18655798125552574e-05
636 6.44759233926692075e-05
637 4.90316301751867376e-05
638 3.52361996044312496e-05
639 2.49253965832407846e-05
640 3.56342829108863526e-05
641 3.11266707408530772e-05
642 2.72773078674250314e-05
643 2.41075237480273305e-05
644 2.15408495351915263e-05
645 1.94479502458343222e-05
646 1.76817275064008881e-05
647 1.61087845354481983e-05
648 1.46259429185822386e-05
649 1.31660471055861035e-05
650 1.16964796292205609e-05
651 1.02149404260094530e-05
652 8.74230096193302174e-06
653 7.31028097678147741e-06
654 5.95892489667162717e-06
655 4.73064578837234101e-06
656 3.64436100663995880e-06
657 2.71466497309727530e-06
658 1.94954914468541663e-06
659 1.49621857019935067e-06
660 8.92763370041762101e-05
661 8.03196941027208711e-05
662 7.16812593478063399e-05
663 6.35785771418626689e-05
664 5.61106709059395987e-05
665 4.92995397954417878e-05
666 4.31159418321376667e-05
667 3.75100440846485547e-05
668 3.24292961233815774e-05
669 2.78279933586364394e-05
670 2.36697459607617312e-05
671 1.99284755086585575e-05
672 1.65865374176173998e-05
673 1.36229970533233532e-05
674 1.10251439704604485e-05
675 8.78228441756161194e-06
676 6.85899421168253085e-06
677 5.23151533483424841e-06
678 3.86450426181294677e-06
679 3.02648566738422468e-06
680 1.84846896634777478e-04
681 1.68336089205971300e-04
682 1.51522353294348031e-04
683 1.35121516990884981e-04
684 1.19555443731983818e-04
685 1.05029731831082578e-04
686 9.15999318941873613e-05
687 7.92529125448306407e-05
688 6.79636926326114890e-05
689 5.77202841476585779e-05
690 4.85184904561012406e-05
691 4.03511263151730163e-05
692 3.31952737746548458e-05
693 2.69869360451731065e-05
694 2.16699767117516299e-05
695 1.71534065814139560e-05
696 1.33328321581399227e-05
697 1.01291474398139461e-05
698 7.34686643201137323e-06
699 5.67664208620952841e-06
700 6.21291166132046865e-04
701 5.23432779807170658e-04
702 4.37165478779051608e-04
703 3.64308840858438903e-04
704 3.04825817092766382e-04
705 2.57387373877672563e-04
706 2.19890727802760994e-04
707 1.90020290467021177e-04
708 1.65614656780940848e-04
709 1.44878899172192681e-04
710 1.26470612822049292e-04
711 1.09516944912446519e-04
712 9.35589899157922289e-05
713 7.84162114364133023e-05
714 6.42040846250248396e-05
715 5.11789487719201968e-05
716 3.94624916318233687e-05
717 2.92236167933027299e-05
718 2.04728605357854145e-05
719 1.58238885387920096e-05
720 3.64017285850156487e-05
721 3.14452910879144075e-05
722 2.73745862930789585e-05
723 2.41263308199623453e-05
724 2.15630770667159816e-05
725 1.95121514059586617e-05
726 1.77981774962194754e-05
727 1.62719061633634386e-05
728 1.48218433002475251e-05
729 1.33767818716369302e-05
730 1.19032439382037323e-05
731 1.03995714422995090e-05
732 8.88635709126404351e-06
733 7.40781000778516653e-06
734 6.01353261169261622e-06
735 4.73595376958981653e-06
736 3.62096240782133592e-06
737 2.63844464949134908e-06
738 1.96566250216544482e-06
739 1.47501514029170156e-06
740 8.01211105578837987e-05
741 7.12558354609435312e-05
742 6.30095488887509446e-05
743 5.54726600509351461e-05
744 4.86657881710301327e-05
745 4.25635936517875240e-05
746 3.71103593879800508e-05
747 3.22410184012211648e-05
748 2.78885614968216213e-05
749 2.39887248428310830e-05
750 2.04843741396430973e-05
751 1.73293457899132500e-05
752 1.44879320928270978e-05
753 1.19483183654172959e-05
754 9.70269208688481206e-06
755 7.73082530095617360e-06
756 6.04368442986126945e-06
757 4.56231995752629524e-06
758 3.49791354883947277e-06
759 2.70142093846885732e-06
760 9.14400800657582280e-05
761 8.85317334203746946e-05
762 8.36233245208237288e-05
763 7.71857318800400798e-05
764 6.97131698938199883e-05
765 6.16852204499066236e-05
766 5.35320828404450090e-05
767 4.56176368591164688e-05
768 3.82311489984607731e-05
769 3.15789197424311093e-05
770 2.57779163359305154e-05
771 2.08633727652600588e-05
772 1.67992381008307451e-05
773 1.35025758599220291e-05
774 1.08432854710619854e-05
775 8.68989919832046927e-06
776 6.93344384736333976e-06
777 5.45162570424392145e-06
778 4.20069165398973298e-06
779 3.26640688549910576e-06
780 3.95177000605830681e-04
781 3.38371676113465090e-04
782 2.88427857774046625e-04
783 2.45839955018755892e-04
784 2.10293130853520254e-04
785 1.80927662312145690e-04
786 1.56594727143813828e-04
787 1.36137187216581120e-04
788 1.18539657364222855e-04
789 1.02997754277851078e-04
790 8.89323648895796467e-05
791 7.59775098181692291e-05
792 6.39377041288273013e-05
793 5.28317958197002487e-05
794 4.27094587645077538e-05
795 3.35966157133024476e-05
796 2.56841562727858359e-05
797 1.86197850481140428e-05
798 1.36690784626281496e-05
799 1.03765871629884575e-05
800 3.37475634302796801e-05
801 3.05244351741876409e-05
802 2.79470250554594114e-05
803 2.58977807483863585e-05
804 2.42203058516181021e-05
805 2.27527918754616960e-05
806 2.13524094884772535e-05
807 1.99136304770403236e-05
808 1.83719618169709446e-05
809 1.67014569260186872e-05
810 1.49105678392955390e-05
811 1.30378023884506576e-05
812 1.11412946636331937e-05
813 9.28392015478493803e-06
814 7.53695190439673925e-06
815 5.95517528334280989e-06
816 4.57249311147182017e-06
817 3.38629919076804237e-06
818 2.58724844775531713e-06
819 1.89938767070786092e-06
820 1.00164786756914891e-04
821 9.13800059144077127e-05
822 8.24562867355973947e-05
823 7.35937240364482940e-05
824 6.49966375010319026e-05
825 5.68541868823252631e-05
826 4.93136381958435776e-05
827 4.24693058884241580e-05
828 3.63551048105296333e-05
829 3.09516088703105769e-05
830 2.62047554633307360e-05
831 2.20482519775729213e-05
832 1.84146840396492951e-05
833 1.52391475209043135e-05
834 1.24799236650972550e-05
835 1.00928598056162471e-05
836 8.04291960291694986e-06
837 6.26350163585642352e-06
838 4.95775715328907466e-06
839 3.81223300489702227e-06
840 1.57619103285683537e-04
841 1.46070672755941710e-04
842 1.32317066845467001e-04
843 1.17313407037167704e-04
844 1.02011050587398971e-04
845 8.72319077695699410e-05
846 7.35844922335895739e-05
847 6.14452319076946320e-05
848 5.09754139192531130e-05
849 4.21627758989150643e-05
850 3.48733717455234054e-05
851 2.89055082160446215e-05
852 2.40278929376250782e-05
853 2.00107106842412908e-05
854 1.66529131490302869e-05
855 1.37916851859674924e-05
856 1.13130496409390898e-05
857 9.12628373975212266e-06
858 7.20421195291685529e-06
859 5.57518678508476367e-06
860 3.66966644737332245e-04
861 3.21149048449330117e-04
862 2.78324889606046042e-04
863 2.39504386716652058e-04
864 2.05200701586012729e-04
865 1.75476879409630740e-04
866 1.50034783453933924e-04
867 1.28375058606736099e-04
868 1.09906957729126475e-04
869 9.40338449808440828e-05
870 8.02219800720609322e-05
871 6.80554696724379839e-05
872 5.72213976125739488e-05
873 4.74934706368542302e-05
874 3.88025058480821774e-05
875 3.10666874134442453e-05
876 2.42971184966760348e-05
877 1.82503160011209033e-05
878 1.39988149667657610e-05
879 1.04587170680236085e-05
880 2.57664351760269195e-01
881 2.07865077805861165e-01
882 1.66047862668445095e-01
883 1.32266869696468642e-01
884 1.05908434092486348e-01
885 8.58270095575153630e-02
886 7.06112782774941522e-02
887 5.88738384183358915e-02
888 4.94724428664071389e-02
889 4.15947792752670714e-02
890 3.47328359745176646e-02
891 2.86111206678347461e-02
892 2.31115816369400900e-02
893 1.82091467379827295e-02
894 1.39211084130423553e-02
895 1.02712694859833850e-02
896 7.26847024575871369e-03
897 4.89573788526022433e-03
898 3.10838315713483438e-03
899 1.83944067749100462e-03
900 1.83245386493004314e-01
901 1.47583458476749946e-01
902 1.19662645956835914e-01
903 9.82015040399976114e-02
904 8.16859554167542051e-02
905 6.86944872437358078e-02
906 5.80977871432546214e-02
907 4.90929113252450422e-02
908 4.11682712995312186e-02
909 3.40436205947439799e-02
910 2.76014167449869369e-02
911 2.18221867879173428e-02
912 1.67333755715739115e-02
913 1.23725112325514947e-02
914 8.76572771844906160e-03
915 5.91451384667042012e-03
916 3.77879016406482008e-03
917 2.25875216317752633e-03
918 1.23160588591521530e-03
919 6.57694730171184592e-04
920 1.93980629727813658e-01
921 1.60284223771041096e-01
922 1.34167618733690042e-01
923 1.13572274832529171e-01
924 9.67844673356614699e-02
925 8.25355609390895778e-02
926 6.99863860407366201e-02
927 5.86506314935729203e-02
928 4.83085748783534871e-02
929 3.89133553646372476e-02
930 3.05099416039171095e-02
931 2.31749221030820990e-02
932 1.69697832599940181e-02
933 1.19123526207296302e-02
934 7.96536052466563504e-03
935 5.03956312562424055e-03
936 2.99569457381692683e-03
937 1.67490152631304579e-03
938 9.95406409106608511e-04
939 5.98414078964346801e-04
940 1.55009657654922972e-01
941 1.30584741624559020e-01
942 1.11104567078739030e-01
943 9.50923235669584310e-02
944 8.14231698084956629e-02
945 6.93276170163727445e-02
946 5.83604764728570813e-02
947 4.83157186963754232e-02
948 3.91471705472857187e-02
949 3.08984354606733659e-02
950 2.36472064366070114e-02
951 1.74624987814688687e-02
952 1.23762660405978258e-02
953 8.36553826615866851e-03
954 5.35206582877537865e-03
955 3.21673815496052338e-03
956 1.81090137313839579e-03
957 1.00634122272304357e-03
958 7.00430291530560801e-04
959 2.58907446236575685e-05
960 1.75713399830788181e-01
961 1.49891866765377774e-01
962 1.28664894578783162e-01
963 1.10606020926426893e-01
964 9.46883042614804632e-02
965 8.02695396078886014e-02
966 6.70331795318773183e-02
967 5.48805668614956790e-02
968 4.38461689966448687e-02
969 3.40267482782537073e-02
970 2.55270714451404472e-02
971 1.84174361625587639e-02
972 1.27040339982035528e-02
973 8.31089269874457637e-03
974 5.12108602693582288e-03
975 2.93679511132193417e-03
976 1.57868767222353449e-03
977 1.00009615548053016e-03
978 4.06125300489628316e-04
979 -1.99253744677025107e-04
980 1.20816249404470291e-01
981 1.03656131438233226e-01
982 8.92535809030817195e-02
983 7.67538418397438332e-02
984 6.55662609741886199e-02
985 5.53429005178303832e-02
986 4.59333401271701733e-02
987 3.73130485604584450e-02
988 2.95305691759814130e-02
989 2.26642132523570614e-02
990 1.67848322217811277e-02
991 1.19243607051939052e-02
992 8.07055427703213570e-03
993 5.16268993444810205e-03
994 3.08362372408405722e-03
995 1.70420100109669741e-03
996 8.91617768477066743e-04
997 6.02716491682833656e-04
998 3.48088364809098706e-05
999 -1.86749224633029324e-04
